11111111111111111111111111111111111111111111111111111111111111111111111111111111111111111111111111111111111111111111111111111111
11111111111111111111111111111111111111111111111111111111111111111111111111111111111111111111111111111111111111111111111111111111
11111111111111111111111111111111111111111111111111111111111111111111111111111111111111111111111111111111111111111111111111111111
11111111111111111111111111111111111111111111111111111111111111111111111111111111111111111111111111111111111111111111111111111111
11111111111111111111111111111111111111111111111111111111111111111111111111111111111111111111111111111111111111111111111111111111
11111111111111111111111111111111111111111111111111111111111111111111111111111111111111111111111111111111111111111111111111111111
11111111111111111111111111111111111111111111111111111111111111111111111111111111111111111111111111111111111111111111111111111111
11111111111111111111111111111111111111111111111111111111111111111111111111111111111111111111111111111111111111111111111111111111
11111111111111111111111111111111111111111111111111111111111111111111111111111111111111111111111111111111111111111111111111111111
11111111111111111111111111111111111111111111111111111111111111111111111111111111111111111111111111111111111111111111111111111111
11111111111111111111111111111111111111111111111111111111111111111111111111111111111111111111111111111111111111111111111111111111
11111111111111111111111111111111111111111111111111111111111111111111111111111111111111111111111111111111111111111111111111111111
11111111111111111111111111111111111111111111111111111111111111111111111111111111111111111111111111111111111111111111111111111111
11111111111111111111111111111111111111111111111111111111111111111111111111111111111111111111111111111111111111111111111111111111
11111111111111111111111111111111111111111111111111111111111111111111111111111111111111111111111111111111111111111111111111111111
11111111111111111111111111111111111111111111111111111111111111111111111111111111111111111111111111111111111111111111111111111111
11111111111111111111111111111111111111111111111111111111111111111111111111111111111111111111111111111111111111111111111111111111
11111111111111111111111111111111111111111111111111111111111111111111111111111111111111111111111111111111111111111111111111111111
11111111111111111111111111111111111111111111111111111111111111111111111111111111111111111111111111111111111111111111111111111111
11111111111111111111111111111111111111111111111111111111111111111111111111111111111111111111111111111111111111111111111111111111
11111111111111111111111111111111111100000000000000001111111111111111111111111111111111111111111111111111111111111111111111111111
11111111111111111111111111111111000000000000000000000000111111111111111111111111111111111111111111111111111111111111111111111111
11111111111111111111111111111100000000000011111000000000000111111111111111111111111111111111111111111111111111111111111111111111
11111111111111111111111111100000000111111111111111111000000001111111111111111111111111111111111111111111111111111111111111111111
11111111111111111111111111000000111111111111111111111111000000011111111111111111111111111111111111111111111111111111111111111111
11111111111111111111111100000011000000001111111110000000011000001111111111111111111111111111111111111111111111111111111111111111
11111111111111111111110000001100000000000000000000000000000100000001111111111111111111111111111111111111111111111111111111111111
11111111111111111111110000000000011000100000000000100011000000000001111111111111111111111111111111111111111111111111111111111111
11111111111111111111110000000000100000011000100011000000100000000001111111001111111111100111111111111111111111111111111111111111
11111111111111111111100000110001100000001000100010000000110001100001111000000011111110000001111111111111111111111111111111111111
11111111111111111111100001111000110000010000100001000001100001100001111000000001111100000000111111111111111111111111111111111111
11111111111111111111100001111000000000000001110000000000000011100000111000000000111000000000111111111111111111111111111111111111
11111111111111111111100001111110000000000111111100000000001111100000111100000000110000000001111111111111111111111111111111111111
11111111111111111111100001111111111111111111111111111111111111100000111100000000010000000011111111111111111111111111111111111111
11111111111111111111100001111111111111100011111000111111111111100000111110000000000000000111111111111111111111111111111111111111
11111111111111111111100001111111111111100001110000111111111111100000111111000000000000000111111111111111111111111111111111111111
11111111111111111111100001111111111111110000000001111111111111100000111111100000000000001111111111111111111111111111111111111111
11111111111111111111100001111111111111111100000111111111111111100000111111100000000000011111111111111111111111111111111111111111
11111111111111111111100001111111111111111111111111111111111111100001111111110000000000111111111111111111111111111111111111111111
11111111111111111111110000111111111111111111111111111111111111000001111111111000000000111111111111111111111111111111111111111111
11111111111111111111110000000111111111111111111111111111111100000011111111111100000001111111111111111111111111111111111111111111
11111111111111111111111100000000000000000000000000000000000000000111111111111110000111111111111111111111111111111111111111111111
11111111111111111111111111000000000000000000000000000000000000011111111111111111111111111111111111111111111111111111111111111111
11111111111111111111111111111111111111111111111111111111111111111111111111111111111111111111111111111111111111111111111111111111
11111111111111111111111111111111111111111111111111111111111111111111111111111111111111111111111111111111111111111111111111111111
11111111111111111111111111111111111111111111111111111111111111111111111111111111111111111111111111111111111111111111111111111111
11111111111111111011111101111000111011111100011110001110010011001111110011111101111011100001101001110010111000111111111111111111
11111111111111110011111100110000010011111000001100000110000000000111100000111001110010000001100000100000010000001111111111111111
11111111111111110001111100100010010011110001001000100010001000010011000100111000110010011001100000000100010011001111111111111111
11111111111111111001001001100110010011110011111001110010001100110011001100111100100100111001100111001110010011100111111111111111
11111111111111111001001001000000010011100011111001110000011100110010000000111100100100111001100111001110010011100111111111111111
11111111111111111000000001000000110011100011111001110010011100110010000001111100100100111001100111001100010011100111111111111111
11111111111111111100000011100111110011110011111001110010011000110010001111111110001100110001100111001100010011000111111111111111
11111111111111111100000011100000010000010000001000000010011000110011000000111110001110000000000111000000010000001111111111111111
11111111111111111100110011110000010000011000001100000110011000110001100001111110001110000000100111100000010000011111111111111111
11111111111111111111111111111111111111111111111111111111111111111111111111111111111111111111111111111111111111111111111111111111
11111111111111111111111111111111111111111111111111111111111111111111111111111111111111111111111111111111111111111111111111111111
11111111111111111111111111111111111111111111111111111111111111111111111111111111111111111111111111111111111111111111111111111111
11111111111111111111111111111111111111111111111111111111111111111111111111111111111111111111111111111111111111111111111111111111
11111111111111111111111111111111111111111111111111111111111111111111111111111111111111111111111111111111111111111111111111111111
11111111111111111111111111111111111111111111111111111111111111111111111111111111111111111111111111111111111111111111111111111111
11111111111111111111111111111111111111111111111111111111111111111111111111111111111111111111111111111111111111111111111111111111
11111111111111111111111111111111111111111111111111111111111111111111111111111111111111111111111111111111111111111111111111111111
11111111111111111111111111111111111111111111111111111111111111111111111111111111111111111111111111111111111111111111111111111111
